2 #samples
500 #characters
#sample_index	sample_label	character_index	character_label	ref	var
0	sample_1	0	SNV_1	155	34	1	0	0.0913124	1	1	0.908688
0	sample_1	1	SNV_2	177	36	1	1	1
0	sample_1	2	SNV_3	202	1	1	1	0.998377	2	2	0.00162311
0	sample_1	3	SNV_4	155	28	1	1	1
0	sample_1	4	SNV_5	242	2	1	0	0.0151568	1	1	0.984843
0	sample_1	5	SNV_6	163	38	1	1	1
0	sample_1	6	SNV_7	98	84	1	1	1
0	sample_1	7	SNV_8	165	35	1	1	1
0	sample_1	8	SNV_9	182	33	1	1	1
0	sample_1	9	SNV_10	97	90	1	1	1	2	1	0
0	sample_1	10	SNV_11	224	3	1	1	1
0	sample_1	11	SNV_12	191	30	1	1	1
0	sample_1	12	SNV_13	187	20	1	1	1
0	sample_1	13	SNV_14	193	22	1	1	1
0	sample_1	14	SNV_15	190	21	1	1	1
0	sample_1	15	SNV_16	104	102	1	1	1	3	3	0
0	sample_1	16	SNV_17	113	92	1	1	1
0	sample_1	17	SNV_18	218	2	1	0	0.00227581	1	1	0.997724
0	sample_1	18	SNV_19	179	3	1	1	1
0	sample_1	19	SNV_20	123	62	1	1	0.901627	2	0	0.0983726
0	sample_1	20	SNV_21	114	80	1	1	1
0	sample_1	21	SNV_22	118	111	1	1	1
0	sample_1	22	SNV_23	115	75	1	1	1
0	sample_1	23	SNV_24	124	89	1	1	0.976547	3	2	0.0234527
0	sample_1	24	SNV_25	216	2	1	0	0.00294895	1	1	0.997051
0	sample_1	25	SNV_26	123	88	1	1	0.998762	3	3	0.00123815
0	sample_1	26	SNV_27	190	2	1	1	0.998906	3	2	0.0010936
0	sample_1	27	SNV_28	122	96	1	1	1
0	sample_1	28	SNV_29	196	2	1	1	1
0	sample_1	29	SNV_30	156	36	1	1	0.134442	3	3	0.865558
0	sample_1	30	SNV_31	179	28	1	1	1
0	sample_1	31	SNV_32	199	2	1	0	0.00685475	1	1	0.993145
0	sample_1	32	SNV_33	196	5	1	1	1
0	sample_1	33	SNV_34	117	107	1	1	0.99096	2	1	0.00903993
0	sample_1	34	SNV_35	126	88	1	1	1
0	sample_1	35	SNV_36	177	23	1	0	0.10317	1	1	0.89683
0	sample_1	36	SNV_37	194	0	1	1	1
0	sample_1	37	SNV_38	97	84	1	1	1
0	sample_1	38	SNV_39	181	30	1	1	1
0	sample_1	39	SNV_40	100	99	1	1	1
0	sample_1	40	SNV_41	112	91	1	1	1
0	sample_1	41	SNV_42	125	106	1	1	1
0	sample_1	42	SNV_43	96	100	1	1	1
0	sample_1	43	SNV_44	180	1	1	1	1
0	sample_1	44	SNV_45	197	1	1	1	1
0	sample_1	45	SNV_46	122	91	1	1	0.999983	2	2	1.74321e-05
0	sample_1	46	SNV_47	187	22	1	1	1
0	sample_1	47	SNV_48	172	26	1	1	0.95912	2	0	0.0408803
0	sample_1	48	SNV_49	113	90	1	1	1
0	sample_1	49	SNV_50	195	1	1	1	1
0	sample_1	50	SNV_51	180	24	1	1	1
0	sample_1	51	SNV_52	124	70	1	1	1
0	sample_1	52	SNV_53	101	70	1	1	1
0	sample_1	53	SNV_54	118	80	1	1	0.997376	2	2	0.00262384
0	sample_1	54	SNV_55	116	92	1	1	0.996029	2	0	0.00397067
0	sample_1	55	SNV_56	202	4	1	1	0.998224	3	1	0.00177591
0	sample_1	56	SNV_57	108	92	1	1	0.998916	2	2	0.00108368
0	sample_1	57	SNV_58	188	34	1	1	0.992163	2	0	0.00783709
0	sample_1	58	SNV_59	170	35	1	1	0.999266	3	2	0.000733769
0	sample_1	59	SNV_60	161	22	1	0	0.0469592	1	1	0.953041
0	sample_1	60	SNV_61	165	36	1	1	1
0	sample_1	61	SNV_62	189	3	1	0	0.000149323	1	1	0.999851
0	sample_1	62	SNV_63	173	29	1	1	1
0	sample_1	63	SNV_64	116	85	1	1	1	3	2	0
0	sample_1	64	SNV_65	109	93	1	1	1
0	sample_1	65	SNV_66	190	2	1	1	0.998767	2	1	0.00123253
0	sample_1	66	SNV_67	200	1	1	1	0.997702	3	0	0.0022981
0	sample_1	67	SNV_68	115	81	1	1	1
0	sample_1	68	SNV_69	126	88	1	1	1
0	sample_1	69	SNV_70	171	19	1	1	1
0	sample_1	70	SNV_71	184	18	1	1	0.756879	3	1	0.243121
0	sample_1	71	SNV_72	99	90	1	1	1
0	sample_1	72	SNV_73	111	86	1	1	1
0	sample_1	73	SNV_74	168	23	1	1	1
0	sample_1	74	SNV_75	201	6	1	1	0.986899	3	2	0.0131009
0	sample_1	75	SNV_76	191	4	1	1	1
0	sample_1	76	SNV_77	195	4	1	1	1
0	sample_1	77	SNV_78	115	76	1	1	1
0	sample_1	78	SNV_79	123	75	1	1	1
0	sample_1	79	SNV_80	211	3	1	1	0.964345	2	2	0.0356547
0	sample_1	80	SNV_81	122	85	1	1	1
0	sample_1	81	SNV_82	197	2	1	1	1
0	sample_1	82	SNV_83	103	82	1	1	1
0	sample_1	83	SNV_84	112	83	1	1	0.999854	3	0	0.000145855
0	sample_1	84	SNV_85	125	86	1	1	1
0	sample_1	85	SNV_86	120	87	1	1	1	3	0	0
0	sample_1	86	SNV_87	185	26	1	1	1
0	sample_1	87	SNV_88	169	24	1	1	1
0	sample_1	88	SNV_89	126	98	1	1	0.999336	3	1	0.000664469
0	sample_1	89	SNV_90	159	25	1	1	0.684901	2	2	0.315099
0	sample_1	90	SNV_91	174	16	1	1	0.997042	3	1	0.00295812
0	sample_1	91	SNV_92	109	93	1	1	1
0	sample_1	92	SNV_93	187	33	1	1	1
0	sample_1	93	SNV_94	109	102	1	1	1	2	0	0
0	sample_1	94	SNV_95	65	159	1	0	0.864301	1	1	0.135699
0	sample_1	95	SNV_96	116	92	1	1	1
0	sample_1	96	SNV_97	191	2	1	1	1
0	sample_1	97	SNV_98	123	93	1	1	1
0	sample_1	98	SNV_99	153	23	1	1	1
0	sample_1	99	SNV_100	123	68	1	1	1
0	sample_1	100	SNV_101	165	18	1	1	0.673027	3	2	0.326973
0	sample_1	101	SNV_102	183	4	1	1	1
0	sample_1	102	SNV_103	106	81	1	1	1
0	sample_1	103	SNV_104	169	31	1	1	1
0	sample_1	104	SNV_105	228	3	1	1	1
0	sample_1	105	SNV_106	111	81	1	1	1
0	sample_1	106	SNV_107	178	1	1	1	0.99722	2	1	0.00277996
0	sample_1	107	SNV_108	115	94	1	1	1
0	sample_1	108	SNV_109	131	88	1	1	1
0	sample_1	109	SNV_110	191	5	1	1	1
0	sample_1	110	SNV_111	199	2	1	1	1
0	sample_1	111	SNV_112	170	38	1	1	1
0	sample_1	112	SNV_113	90	87	1	1	1	3	1	0
0	sample_1	113	SNV_114	126	98	1	1	1
0	sample_1	114	SNV_115	149	15	1	1	1
0	sample_1	115	SNV_116	107	89	1	1	0.999998	3	3	1.65368e-06
0	sample_1	116	SNV_117	127	81	1	1	0.9997	2	0	0.000299504
0	sample_1	117	SNV_118	88	113	1	1	0.996764	3	0	0.00323635
0	sample_1	118	SNV_119	171	19	1	1	0.999999	3	1	8.66936e-07
0	sample_1	119	SNV_120	170	18	1	1	1
0	sample_1	120	SNV_121	144	29	1	1	0.998445	2	2	0.0015546
0	sample_1	121	SNV_122	121	79	1	1	1	2	2	0
0	sample_1	122	SNV_123	163	29	1	1	0.998579	3	2	0.00142063
0	sample_1	123	SNV_124	119	91	1	1	1
0	sample_1	124	SNV_125	98	78	1	1	1
0	sample_1	125	SNV_126	160	44	1	1	0.130315	2	2	0.869685
0	sample_1	126	SNV_127	171	3	1	1	0.992557	2	2	0.0074434
0	sample_1	127	SNV_128	98	88	1	1	1	2	1	0
0	sample_1	128	SNV_129	156	19	1	1	0.972773	2	0	0.0272268
0	sample_1	129	SNV_130	193	3	1	1	0.999303	3	0	0.000697117
0	sample_1	130	SNV_131	179	37	1	1	1	3	1	0
0	sample_1	131	SNV_132	167	39	1	1	1
0	sample_1	132	SNV_133	195	14	1	1	1
0	sample_1	133	SNV_134	184	3	1	1	1
0	sample_1	134	SNV_135	111	97	1	1	1
0	sample_1	135	SNV_136	113	92	1	1	1
0	sample_1	136	SNV_137	168	29	1	1	0.665852	2	0	0.334148
0	sample_1	137	SNV_138	208	2	1	1	1
0	sample_1	138	SNV_139	173	23	1	1	0.994797	2	1	0.00520343
0	sample_1	139	SNV_140	199	4	1	1	1
0	sample_1	140	SNV_141	113	100	1	1	1
0	sample_1	141	SNV_142	184	0	1	1	1
0	sample_1	142	SNV_143	186	25	1	1	1
0	sample_1	143	SNV_144	187	7	1	1	0.996903	2	2	0.00309663
0	sample_1	144	SNV_145	170	30	1	1	0.975208	3	1	0.0247919
0	sample_1	145	SNV_146	185	22	1	1	0.747878	3	0	0.252122
0	sample_1	146	SNV_147	198	4	1	1	1
0	sample_1	147	SNV_148	155	47	1	1	0.13647	3	2	0.86353
0	sample_1	148	SNV_149	104	84	1	1	0.997965	2	0	0.00203505
0	sample_1	149	SNV_150	115	90	1	1	1
0	sample_1	150	SNV_151	123	92	1	1	0.996591	2	0	0.00340893
0	sample_1	151	SNV_152	97	95	1	0	0.00014932	1	1	0.999851
0	sample_1	152	SNV_153	188	3	1	1	1
0	sample_1	153	SNV_154	182	30	1	1	1
0	sample_1	154	SNV_155	108	84	1	1	0.999911	2	2	8.92508e-05
0	sample_1	155	SNV_156	210	2	1	0	0.00584288	1	1	0.994157
0	sample_1	156	SNV_157	102	84	1	1	1
0	sample_1	157	SNV_158	96	70	1	1	1	3	3	0
0	sample_1	158	SNV_159	94	85	1	0	0	1	1	1
0	sample_1	159	SNV_160	117	80	1	1	1
0	sample_1	160	SNV_161	180	3	1	1	1
0	sample_1	161	SNV_162	108	84	1	1	1
0	sample_1	162	SNV_163	180	3	1	0	0.000688169	1	1	0.999312
0	sample_1	163	SNV_164	112	90	1	1	1
0	sample_1	164	SNV_165	174	32	1	1	0.990027	2	1	0.0099732
0	sample_1	165	SNV_166	145	40	1	1	0.945768	3	1	0.0542318
0	sample_1	166	SNV_167	111	66	1	1	1
0	sample_1	167	SNV_168	158	25	1	0	0.319206	1	1	0.680794
0	sample_1	168	SNV_169	183	30	1	1	1
0	sample_1	169	SNV_170	128	89	1	1	0.999351	3	0	0.000648512
0	sample_1	170	SNV_171	179	16	1	1	1
0	sample_1	171	SNV_172	120	82	1	1	1
0	sample_1	172	SNV_173	192	5	1	1	0.988789	3	1	0.011211
0	sample_1	173	SNV_174	214	2	1	1	1
0	sample_1	174	SNV_175	204	2	1	1	1
0	sample_1	175	SNV_176	110	99	1	1	1
0	sample_1	176	SNV_177	206	1	1	1	1
0	sample_1	177	SNV_178	175	59	1	1	0.136471	3	2	0.863529
0	sample_1	178	SNV_179	189	18	1	1	0.68064	3	3	0.31936
0	sample_1	179	SNV_180	117	87	1	1	1
0	sample_1	180	SNV_181	140	96	1	1	0.999778	3	0	0.000222219
0	sample_1	181	SNV_182	112	103	1	1	1
0	sample_1	182	SNV_183	186	22	1	1	0.995362	2	1	0.00463773
0	sample_1	183	SNV_184	201	4	1	1	0.997497	2	1	0.002503
0	sample_1	184	SNV_185	194	25	1	1	0.917411	3	1	0.0825888
0	sample_1	185	SNV_186	112	103	1	1	1
0	sample_1	186	SNV_187	109	94	1	1	0.984491	3	0	0.0155094
0	sample_1	187	SNV_188	107	82	1	1	1
0	sample_1	188	SNV_189	195	28	1	1	1
0	sample_1	189	SNV_190	192	25	1	0	9.06418e-05	1	1	0.999909
0	sample_1	190	SNV_191	173	28	1	1	1
0	sample_1	191	SNV_192	185	24	1	1	1
0	sample_1	192	SNV_193	122	92	1	1	1
0	sample_1	193	SNV_194	154	18	1	1	1
0	sample_1	194	SNV_195	183	24	1	0	0.220336	1	1	0.779664
0	sample_1	195	SNV_196	203	2	1	1	0.989062	2	2	0.010938
0	sample_1	196	SNV_197	169	21	1	1	1
0	sample_1	197	SNV_198	121	89	1	1	1
0	sample_1	198	SNV_199	145	46	1	1	0.132543	3	1	0.867457
0	sample_1	199	SNV_200	149	32	1	1	1
0	sample_1	200	SNV_201	124	98	1	1	1
0	sample_1	201	SNV_202	193	4	1	1	1
0	sample_1	202	SNV_203	125	77	1	1	1
0	sample_1	203	SNV_204	96	89	1	1	1
0	sample_1	204	SNV_205	191	3	1	1	1
0	sample_1	205	SNV_206	193	34	1	1	1
0	sample_1	206	SNV_207	194	2	1	1	1
0	sample_1	207	SNV_208	114	78	1	1	0.999915	2	0	8.5256e-05
0	sample_1	208	SNV_209	130	93	1	1	1
0	sample_1	209	SNV_210	107	66	1	1	1
0	sample_1	210	SNV_211	159	55	1	1	0.115782	3	1	0.884218
0	sample_1	211	SNV_212	153	20	1	1	0.999494	3	1	0.000506059
0	sample_1	212	SNV_213	182	25	1	0	0.266836	1	1	0.733164
0	sample_1	213	SNV_214	198	1	1	1	1
0	sample_1	214	SNV_215	112	108	1	1	1
0	sample_1	215	SNV_216	133	77	1	1	1
0	sample_1	216	SNV_217	195	23	1	1	1
0	sample_1	217	SNV_218	159	15	1	0	0.00478799	1	1	0.995212
0	sample_1	218	SNV_219	172	25	1	1	1
0	sample_1	219	SNV_220	82	78	1	1	0.999987	2	2	1.33229e-05
0	sample_1	220	SNV_221	120	100	1	1	1
0	sample_1	221	SNV_222	96	83	1	1	1	2	2	0
0	sample_1	222	SNV_223	122	80	1	1	1
0	sample_1	223	SNV_224	198	32	1	1	1
0	sample_1	224	SNV_225	162	31	1	1	1
0	sample_1	225	SNV_226	158	24	1	1	1
0	sample_1	226	SNV_227	164	23	1	1	1
0	sample_1	227	SNV_228	182	35	1	1	1
0	sample_1	228	SNV_229	174	29	1	1	1
0	sample_1	229	SNV_230	118	93	1	1	1
0	sample_1	230	SNV_231	190	22	1	1	1
0	sample_1	231	SNV_232	103	102	1	1	1
0	sample_1	232	SNV_233	120	88	1	1	0.192357	3	2	0.807643
0	sample_1	233	SNV_234	188	2	1	1	1
0	sample_1	234	SNV_235	156	32	1	1	1
0	sample_1	235	SNV_236	185	24	1	1	1
0	sample_1	236	SNV_237	203	19	1	1	1	2	1	0
0	sample_1	237	SNV_238	167	18	1	1	0.988498	3	1	0.0115021
0	sample_1	238	SNV_239	184	16	1	0	0.0670055	1	1	0.932995
0	sample_1	239	SNV_240	106	86	1	1	1
0	sample_1	240	SNV_241	133	95	1	0	0.0153737	1	1	0.984626
0	sample_1	241	SNV_242	115	89	1	1	0.999354	2	1	0.000645685
0	sample_1	242	SNV_243	185	3	1	1	1
0	sample_1	243	SNV_244	113	83	1	1	1	3	3	0
0	sample_1	244	SNV_245	187	19	1	1	0.735908	2	2	0.264092
0	sample_1	245	SNV_246	119	79	1	1	1	2	2	0
0	sample_1	246	SNV_247	185	24	1	1	1
0	sample_1	247	SNV_248	189	24	1	1	1
0	sample_1	248	SNV_249	175	18	1	1	1
0	sample_1	249	SNV_250	117	82	1	1	0.137453	2	0	0.862547
0	sample_1	250	SNV_251	128	80	1	1	1
0	sample_1	251	SNV_252	179	22	1	1	1
0	sample_1	252	SNV_253	159	46	1	1	0.941493	3	2	0.0585067
0	sample_1	253	SNV_254	196	3	1	1	0.998722	2	0	0.00127797
0	sample_1	254	SNV_255	181	29	1	1	0.999809	3	2	0.00019125
0	sample_1	255	SNV_256	186	22	1	1	0.999564	2	0	0.00043589
0	sample_1	256	SNV_257	111	78	1	1	1
0	sample_1	257	SNV_258	103	87	1	1	0.964255	3	3	0.0357454
0	sample_1	258	SNV_259	180	3	1	1	0.998072	2	1	0.00192811
0	sample_1	259	SNV_260	192	23	1	1	1
0	sample_1	260	SNV_261	180	21	1	1	1
0	sample_1	261	SNV_262	230	3	1	1	0.999438	2	1	0.000562265
0	sample_1	262	SNV_263	118	88	1	1	0.995675	2	0	0.00432537
0	sample_1	263	SNV_264	198	2	1	1	0.999476	3	1	0.000524011
0	sample_1	264	SNV_265	182	41	1	1	0.958977	3	3	0.0410231
0	sample_1	265	SNV_266	106	101	1	1	1
0	sample_1	266	SNV_267	97	93	1	1	1
0	sample_1	267	SNV_268	190	2	1	1	1
0	sample_1	268	SNV_269	184	1	1	0	0.00827384	1	1	0.991726
0	sample_1	269	SNV_270	95	82	1	1	1
0	sample_1	270	SNV_271	130	79	1	1	0.99921	2	0	0.000790313
0	sample_1	271	SNV_272	57	155	1	1	0.130196	3	1	0.869804
0	sample_1	272	SNV_273	200	6	1	1	1
0	sample_1	273	SNV_274	206	3	1	1	1
0	sample_1	274	SNV_275	195	2	1	1	1
0	sample_1	275	SNV_276	194	30	1	1	1
0	sample_1	276	SNV_277	205	2	1	1	0.997063	2	0	0.00293694
0	sample_1	277	SNV_278	172	24	1	1	1
0	sample_1	278	SNV_279	179	2	1	1	1
0	sample_1	279	SNV_280	95	73	1	1	1
0	sample_1	280	SNV_281	193	22	1	1	1
0	sample_1	281	SNV_282	173	24	1	1	1
0	sample_1	282	SNV_283	160	23	1	1	1
0	sample_1	283	SNV_284	187	24	1	1	1
0	sample_1	284	SNV_285	185	4	1	1	1
0	sample_1	285	SNV_286	178	21	1	1	0.977064	2	1	0.0229361
0	sample_1	286	SNV_287	144	35	1	1	1
0	sample_1	287	SNV_288	161	28	1	1	1
0	sample_1	288	SNV_289	161	29	1	1	0.683622	2	0	0.316378
0	sample_1	289	SNV_290	101	84	1	1	1
0	sample_1	290	SNV_291	182	34	1	1	1
0	sample_1	291	SNV_292	186	27	1	1	0.988324	2	0	0.0116763
0	sample_1	292	SNV_293	208	4	1	1	1
0	sample_1	293	SNV_294	100	116	1	1	1
0	sample_1	294	SNV_295	87	91	1	1	0.999895	3	1	0.000104967
0	sample_1	295	SNV_296	97	89	1	1	1
0	sample_1	296	SNV_297	122	79	1	1	1
0	sample_1	297	SNV_298	176	26	1	1	1
0	sample_1	298	SNV_299	203	1	1	1	0.972265	2	1	0.0277352
0	sample_1	299	SNV_300	142	28	1	1	1
0	sample_1	300	SNV_301	158	28	1	1	0.992373	3	1	0.00762702
0	sample_1	301	SNV_302	97	105	1	1	1
0	sample_1	302	SNV_303	135	98	1	1	1
0	sample_1	303	SNV_304	175	20	1	1	1
0	sample_1	304	SNV_305	197	4	1	1	1
0	sample_1	305	SNV_306	123	83	1	1	1	3	3	0
0	sample_1	306	SNV_307	121	88	1	1	1
0	sample_1	307	SNV_308	146	44	1	1	0.131638	2	2	0.868362
0	sample_1	308	SNV_309	212	6	1	1	1
0	sample_1	309	SNV_310	146	35	1	1	1
0	sample_1	310	SNV_311	174	32	1	1	0.962078	2	0	0.0379217
0	sample_1	311	SNV_312	171	2	1	1	0.999311	2	0	0.00068898
0	sample_1	312	SNV_313	187	19	1	1	1
0	sample_1	313	SNV_314	161	19	1	1	0.981667	3	3	0.0183327
0	sample_1	314	SNV_315	177	24	1	1	0.999149	3	0	0.000851255
0	sample_1	315	SNV_316	204	1	1	1	0.124515	2	0	0.875485
0	sample_1	316	SNV_317	138	56	1	1	0.115782	2	1	0.884218
0	sample_1	317	SNV_318	242	1	1	0	0.00782928	1	1	0.992171
0	sample_1	318	SNV_319	162	26	1	1	1
0	sample_1	319	SNV_320	121	98	1	1	1
0	sample_1	320	SNV_321	176	30	1	1	1
0	sample_1	321	SNV_322	122	80	1	1	1
0	sample_1	322	SNV_323	128	82	1	1	1
0	sample_1	323	SNV_324	162	16	1	1	1
0	sample_1	324	SNV_325	99	95	1	1	0.659302	2	1	0.340698
0	sample_1	325	SNV_326	153	19	1	1	1
0	sample_1	326	SNV_327	111	71	1	1	1
0	sample_1	327	SNV_328	164	22	1	1	1
0	sample_1	328	SNV_329	95	89	1	1	1
0	sample_1	329	SNV_330	167	34	1	1	0.959687	3	1	0.0403128
0	sample_1	330	SNV_331	206	1	1	1	1
0	sample_1	331	SNV_332	176	31	1	1	1
0	sample_1	332	SNV_333	112	88	1	0	0	1	1	1
0	sample_1	333	SNV_334	178	1	1	1	1
0	sample_1	334	SNV_335	173	18	1	1	1
0	sample_1	335	SNV_336	116	71	1	0	0.00113279	1	1	0.998867
0	sample_1	336	SNV_337	179	3	1	1	1
0	sample_1	337	SNV_338	119	99	1	1	1
0	sample_1	338	SNV_339	195	2	1	1	1
0	sample_1	339	SNV_340	101	79	1	1	1
0	sample_1	340	SNV_341	110	73	1	1	1
0	sample_1	341	SNV_342	183	20	1	1	1
0	sample_1	342	SNV_343	174	21	1	1	1
0	sample_1	343	SNV_344	174	0	1	1	0.995743	2	1	0.00425719
0	sample_1	344	SNV_345	208	2	1	1	1
0	sample_1	345	SNV_346	97	88	1	1	0.86005	2	2	0.13995
0	sample_1	346	SNV_347	207	7	1	1	0.996292	3	1	0.00370798
0	sample_1	347	SNV_348	178	0	1	1	0.999628	3	2	0.000372043
0	sample_1	348	SNV_349	97	89	1	1	1
0	sample_1	349	SNV_350	204	4	1	1	1
0	sample_1	350	SNV_351	202	25	1	1	1
0	sample_1	351	SNV_352	191	27	1	1	1
0	sample_1	352	SNV_353	102	89	1	1	1
0	sample_1	353	SNV_354	134	21	1	1	1
0	sample_1	354	SNV_355	44	158	1	0	0.884218	1	1	0.115782
0	sample_1	355	SNV_356	145	34	1	1	0.937397	2	2	0.0626028
0	sample_1	356	SNV_357	125	92	1	1	1
0	sample_1	357	SNV_358	99	95	1	1	1	3	1	0
0	sample_1	358	SNV_359	113	91	1	0	0.00121998	1	1	0.99878
0	sample_1	359	SNV_360	179	2	1	0	0.000435234	1	1	0.999565
0	sample_1	360	SNV_361	174	12	1	1	1
0	sample_1	361	SNV_362	183	7	1	1	0.999153	3	1	0.000846706
0	sample_1	362	SNV_363	124	77	1	1	1
0	sample_1	363	SNV_364	181	23	1	1	0.965179	2	2	0.0348209
0	sample_1	364	SNV_365	108	70	1	1	0.13449	2	0	0.86551
0	sample_1	365	SNV_366	177	32	1	1	1	3	0	0
0	sample_1	366	SNV_367	88	85	1	1	1
0	sample_1	367	SNV_368	117	79	1	1	1
0	sample_1	368	SNV_369	160	31	1	1	1
0	sample_1	369	SNV_370	111	89	1	1	1
0	sample_1	370	SNV_371	100	113	1	1	0.717064	3	2	0.282936
0	sample_1	371	SNV_372	117	67	1	1	1
0	sample_1	372	SNV_373	183	0	1	1	1
0	sample_1	373	SNV_374	181	21	1	1	0.9852	2	1	0.0148001
0	sample_1	374	SNV_375	160	54	1	1	0.115782	3	1	0.884218
0	sample_1	375	SNV_376	181	24	1	1	0.999316	2	1	0.000683654
0	sample_1	376	SNV_377	86	86	1	1	1
0	sample_1	377	SNV_378	102	85	1	1	0.999865	2	0	0.000135188
0	sample_1	378	SNV_379	118	107	1	1	0.973357	2	1	0.0266431
0	sample_1	379	SNV_380	175	28	1	1	0.922233	2	1	0.0777666
0	sample_1	380	SNV_381	174	30	1	1	1
0	sample_1	381	SNV_382	189	2	1	1	1
0	sample_1	382	SNV_383	117	83	1	1	0.999	2	1	0.000999578
0	sample_1	383	SNV_384	166	37	1	1	1
0	sample_1	384	SNV_385	159	20	1	1	0.920898	2	0	0.0791016
0	sample_1	385	SNV_386	121	103	1	1	1
0	sample_1	386	SNV_387	163	21	1	1	1
0	sample_1	387	SNV_388	129	85	1	1	1
0	sample_1	388	SNV_389	197	4	1	1	0.999302	3	2	0.000698086
0	sample_1	389	SNV_390	118	79	1	1	1
0	sample_1	390	SNV_391	98	80	1	1	1
0	sample_1	391	SNV_392	190	35	1	1	0.998489	2	1	0.0015106
0	sample_1	392	SNV_393	118	95	1	1	1
0	sample_1	393	SNV_394	108	85	1	1	1
0	sample_1	394	SNV_395	174	27	1	1	1
0	sample_1	395	SNV_396	185	28	1	1	1
0	sample_1	396	SNV_397	176	32	1	1	0.97546	3	2	0.0245399
0	sample_1	397	SNV_398	116	98	1	1	0.998587	3	0	0.00141318
0	sample_1	398	SNV_399	150	30	1	1	1
0	sample_1	399	SNV_400	169	29	1	1	0.763136	3	2	0.236864
0	sample_1	400	SNV_401	111	87	1	1	0.977435	2	2	0.0225646
0	sample_1	401	SNV_402	106	85	1	1	1
0	sample_1	402	SNV_403	122	67	1	1	1
0	sample_1	403	SNV_404	221	3	1	1	0.935306	3	0	0.064694
0	sample_1	404	SNV_405	179	36	1	1	0.992573	2	1	0.00742688
0	sample_1	405	SNV_406	180	17	1	1	0.996029	2	2	0.003971
0	sample_1	406	SNV_407	201	0	1	1	1
0	sample_1	407	SNV_408	174	17	1	1	1
0	sample_1	408	SNV_409	105	101	1	1	1
0	sample_1	409	SNV_410	194	19	1	1	1
0	sample_1	410	SNV_411	184	25	1	1	1
0	sample_1	411	SNV_412	174	20	1	1	0.963866	3	1	0.0361338
0	sample_1	412	SNV_413	112	91	1	1	1
0	sample_1	413	SNV_414	174	13	1	1	1
0	sample_1	414	SNV_415	121	87	1	1	1
0	sample_1	415	SNV_416	169	20	1	1	1
0	sample_1	416	SNV_417	122	73	1	1	1
0	sample_1	417	SNV_418	215	3	1	1	1
0	sample_1	418	SNV_419	162	24	1	1	1
0	sample_1	419	SNV_420	109	79	1	1	1
0	sample_1	420	SNV_421	155	24	1	1	1
0	sample_1	421	SNV_422	178	21	1	1	1
0	sample_1	422	SNV_423	182	2	1	1	0.928412	2	2	0.0715883
0	sample_1	423	SNV_424	190	29	1	1	1
0	sample_1	424	SNV_425	100	89	1	1	0.996142	3	1	0.00385772
0	sample_1	425	SNV_426	151	91	1	1	0.999165	2	1	0.0008348
0	sample_1	426	SNV_427	160	31	1	1	1
0	sample_1	427	SNV_428	173	30	1	1	1
0	sample_1	428	SNV_429	107	110	1	1	1
0	sample_1	429	SNV_430	183	30	1	1	1
0	sample_1	430	SNV_431	130	101	1	1	1
0	sample_1	431	SNV_432	109	94	1	1	1
0	sample_1	432	SNV_433	170	41	1	1	1
0	sample_1	433	SNV_434	172	24	1	1	0.690714	2	1	0.309286
0	sample_1	434	SNV_435	171	28	1	1	1
0	sample_1	435	SNV_436	190	3	1	1	1
0	sample_1	436	SNV_437	182	24	1	1	0.847916	2	1	0.152084
0	sample_1	437	SNV_438	185	14	1	1	1
0	sample_1	438	SNV_439	127	83	1	1	1
0	sample_1	439	SNV_440	112	62	1	1	1
0	sample_1	440	SNV_441	190	2	1	1	1
0	sample_1	441	SNV_442	171	23	1	1	0.671595	3	1	0.328405
0	sample_1	442	SNV_443	174	25	1	1	0.999858	3	3	0.000141757
0	sample_1	443	SNV_444	114	81	1	0	0	1	1	1
0	sample_1	444	SNV_445	209	1	1	1	1
0	sample_1	445	SNV_446	110	93	1	1	0.136278	2	0	0.863722
0	sample_1	446	SNV_447	116	89	1	1	1
0	sample_1	447	SNV_448	174	26	1	1	0.953795	2	0	0.0462055
0	sample_1	448	SNV_449	168	17	1	1	1
0	sample_1	449	SNV_450	121	97	1	1	0.997512	2	1	0.00248761
0	sample_1	450	SNV_451	187	21	1	1	0.771605	2	0	0.228395
0	sample_1	451	SNV_452	114	87	1	1	1
0	sample_1	452	SNV_453	184	21	1	1	1
0	sample_1	453	SNV_454	104	78	1	1	0.999602	2	2	0.000397762
0	sample_1	454	SNV_455	188	3	1	1	1
0	sample_1	455	SNV_456	204	3	1	1	1
0	sample_1	456	SNV_457	168	25	1	1	1
0	sample_1	457	SNV_458	173	36	1	1	1
0	sample_1	458	SNV_459	175	18	1	1	1
0	sample_1	459	SNV_460	141	58	1	1	0.115782	2	1	0.884218
0	sample_1	460	SNV_461	166	21	1	1	1
0	sample_1	461	SNV_462	112	85	1	1	1	2	1	0
0	sample_1	462	SNV_463	183	20	1	1	1
0	sample_1	463	SNV_464	100	85	1	1	1
0	sample_1	464	SNV_465	160	20	1	1	0.988233	2	0	0.0117666
0	sample_1	465	SNV_466	99	90	1	1	1
0	sample_1	466	SNV_467	160	34	1	1	1
0	sample_1	467	SNV_468	181	3	1	1	1
0	sample_1	468	SNV_469	108	103	1	1	1
0	sample_1	469	SNV_470	196	21	1	1	0.982303	2	1	0.0176966
0	sample_1	470	SNV_471	105	89	1	1	1
0	sample_1	471	SNV_472	176	35	1	1	0.94226	3	1	0.05774
0	sample_1	472	SNV_473	157	36	1	1	1
0	sample_1	473	SNV_474	166	1	1	1	0.997524	3	2	0.00247647
0	sample_1	474	SNV_475	193	4	1	1	1
0	sample_1	475	SNV_476	113	108	1	1	1
0	sample_1	476	SNV_477	175	26	1	1	1
0	sample_1	477	SNV_478	163	26	1	1	1
0	sample_1	478	SNV_479	199	0	1	1	1
0	sample_1	479	SNV_480	178	31	1	1	1
0	sample_1	480	SNV_481	158	23	1	1	1
0	sample_1	481	SNV_482	101	76	1	1	1
0	sample_1	482	SNV_483	181	4	1	1	1
0	sample_1	483	SNV_484	88	93	1	1	1
0	sample_1	484	SNV_485	144	30	1	1	0.989763	3	2	0.0102373
0	sample_1	485	SNV_486	182	20	1	1	0.777346	2	2	0.222654
0	sample_1	486	SNV_487	127	89	1	1	1
0	sample_1	487	SNV_488	117	92	1	1	1
0	sample_1	488	SNV_489	117	80	1	1	1
0	sample_1	489	SNV_490	201	3	1	0	0.00346852	1	1	0.996531
0	sample_1	490	SNV_491	117	80	1	1	1
0	sample_1	491	SNV_492	189	1	1	1	1
0	sample_1	492	SNV_493	103	79	1	1	1	2	0	0
0	sample_1	493	SNV_494	114	81	1	1	1
0	sample_1	494	SNV_495	103	95	1	1	1
0	sample_1	495	SNV_496	107	102	1	1	1
0	sample_1	496	SNV_497	195	29	1	1	1
0	sample_1	497	SNV_498	193	4	1	1	1
0	sample_1	498	SNV_499	163	34	1	1	1
0	sample_1	499	SNV_500	189	5	1	1	0.993758	3	2	0.00624153
1	sample_2	0	SNV_1	195	2	1	0	0.00260525	1	1	0.997395
1	sample_2	1	SNV_2	185	0	1	1	1
1	sample_2	2	SNV_3	179	8	1	1	0.975756	2	2	0.0242439
1	sample_2	3	SNV_4	186	0	1	1	1
1	sample_2	4	SNV_5	194	5	1	0	0.0410602	1	1	0.95894
1	sample_2	5	SNV_6	186	0	1	1	1
1	sample_2	6	SNV_7	94	88	1	1	1
1	sample_2	7	SNV_8	222	0	1	1	1
1	sample_2	8	SNV_9	217	1	1	1	1
1	sample_2	9	SNV_10	98	97	1	1	1	2	1	0
1	sample_2	10	SNV_11	175	7	1	1	1
1	sample_2	11	SNV_12	192	1	1	1	1
1	sample_2	12	SNV_13	187	0	1	1	1
1	sample_2	13	SNV_14	191	1	1	1	1
1	sample_2	14	SNV_15	178	0	1	1	1
1	sample_2	15	SNV_16	110	88	1	1	1	3	3	0
1	sample_2	16	SNV_17	108	100	1	1	1
1	sample_2	17	SNV_18	180	8	1	0	0.031768	1	1	0.968232
1	sample_2	18	SNV_19	186	4	1	1	1
1	sample_2	19	SNV_20	123	53	1	1	0.767658	2	0	0.232342
1	sample_2	20	SNV_21	106	99	1	1	1
1	sample_2	21	SNV_22	97	87	1	1	1
1	sample_2	22	SNV_23	113	73	1	1	1
1	sample_2	23	SNV_24	107	81	1	1	0.97304	3	2	0.0269605
1	sample_2	24	SNV_25	196	5	1	0	0.000349238	1	1	0.999651
1	sample_2	25	SNV_26	144	93	1	1	0.993922	3	3	0.00607819
1	sample_2	26	SNV_27	191	4	1	1	0.995916	3	2	0.00408446
1	sample_2	27	SNV_28	115	91	1	1	1
1	sample_2	28	SNV_29	192	4	1	1	1
1	sample_2	29	SNV_30	145	29	1	1	0.151683	3	3	0.848317
1	sample_2	30	SNV_31	191	0	1	1	1
1	sample_2	31	SNV_32	195	8	1	0	0.0273994	1	1	0.972601
1	sample_2	32	SNV_33	185	7	1	1	1
1	sample_2	33	SNV_34	120	95	1	1	0.933693	2	1	0.0663072
1	sample_2	34	SNV_35	98	85	1	1	1
1	sample_2	35	SNV_36	207	0	1	0	0.00581445	1	1	0.994186
1	sample_2	36	SNV_37	183	7	1	1	1
1	sample_2	37	SNV_38	106	100	1	1	1
1	sample_2	38	SNV_39	179	2	1	1	1
1	sample_2	39	SNV_40	125	88	1	1	1
1	sample_2	40	SNV_41	113	73	1	1	1
1	sample_2	41	SNV_42	89	83	1	1	1
1	sample_2	42	SNV_43	114	102	1	1	1
1	sample_2	43	SNV_44	200	4	1	1	1
1	sample_2	44	SNV_45	187	9	1	1	1
1	sample_2	45	SNV_46	133	88	1	1	0.997079	2	2	0.00292074
1	sample_2	46	SNV_47	206	1	1	1	1
1	sample_2	47	SNV_48	194	2	1	1	0.99926	2	0	0.00073967
1	sample_2	48	SNV_49	103	77	1	1	1
1	sample_2	49	SNV_50	182	5	1	1	1
1	sample_2	50	SNV_51	203	0	1	1	1
1	sample_2	51	SNV_52	92	110	1	1	1
1	sample_2	52	SNV_53	103	95	1	1	1
1	sample_2	53	SNV_54	95	91	1	1	0.990955	2	2	0.00904515
1	sample_2	54	SNV_55	98	87	1	1	0.989934	2	0	0.0100656
1	sample_2	55	SNV_56	167	6	1	1	0.995331	3	1	0.00466942
1	sample_2	56	SNV_57	109	100	1	1	0.999768	2	2	0.000231811
1	sample_2	57	SNV_58	207	1	1	1	0.999312	2	0	0.000687646
1	sample_2	58	SNV_59	199	0	1	1	0.988941	3	2	0.0110593
1	sample_2	59	SNV_60	178	2	1	0	0.00134983	1	1	0.99865
1	sample_2	60	SNV_61	179	1	1	1	1
1	sample_2	61	SNV_62	160	6	1	0	0.00188113	1	1	0.998119
1	sample_2	62	SNV_63	219	4	1	1	1
1	sample_2	63	SNV_64	106	81	1	1	1	3	2	0
1	sample_2	64	SNV_65	109	80	1	1	1
1	sample_2	65	SNV_66	203	7	1	1	0.992577	2	1	0.00742259
1	sample_2	66	SNV_67	206	2	1	1	0.997336	3	0	0.00266425
1	sample_2	67	SNV_68	103	93	1	1	1
1	sample_2	68	SNV_69	108	78	1	1	1
1	sample_2	69	SNV_70	191	1	1	1	1
1	sample_2	70	SNV_71	209	0	1	1	0.881368	3	1	0.118632
1	sample_2	71	SNV_72	95	93	1	1	1
1	sample_2	72	SNV_73	98	105	1	1	1
1	sample_2	73	SNV_74	207	1	1	1	1
1	sample_2	74	SNV_75	163	11	1	1	0.98621	3	2	0.0137897
1	sample_2	75	SNV_76	197	4	1	1	1
1	sample_2	76	SNV_77	199	5	1	1	1
1	sample_2	77	SNV_78	88	90	1	1	1
1	sample_2	78	SNV_79	129	81	1	1	1
1	sample_2	79	SNV_80	204	6	1	1	0.939607	2	2	0.0603928
1	sample_2	80	SNV_81	112	93	1	1	1
1	sample_2	81	SNV_82	202	5	1	1	1
1	sample_2	82	SNV_83	104	86	1	1	1
1	sample_2	83	SNV_84	106	74	1	1	0.997366	3	0	0.00263356
1	sample_2	84	SNV_85	112	99	1	1	1
1	sample_2	85	SNV_86	131	97	1	1	1	3	0	0
1	sample_2	86	SNV_87	211	0	1	1	1
1	sample_2	87	SNV_88	189	0	1	1	1
1	sample_2	88	SNV_89	118	80	1	1	0.994682	3	1	0.00531758
1	sample_2	89	SNV_90	178	2	1	1	0.979602	2	2	0.0203984
1	sample_2	90	SNV_91	173	3	1	1	0.998432	3	1	0.0015684
1	sample_2	91	SNV_92	120	83	1	1	1
1	sample_2	92	SNV_93	208	1	1	1	1
1	sample_2	93	SNV_94	123	85	1	1	1	2	0	0
1	sample_2	94	SNV_95	64	124	1	0	0.846336	1	1	0.153664
1	sample_2	95	SNV_96	119	80	1	1	1
1	sample_2	96	SNV_97	177	4	1	1	1
1	sample_2	97	SNV_98	110	98	1	1	1
1	sample_2	98	SNV_99	207	0	1	1	1
1	sample_2	99	SNV_100	115	82	1	1	1
1	sample_2	100	SNV_101	211	3	1	1	0.919141	3	2	0.080859
1	sample_2	101	SNV_102	160	6	1	1	1
1	sample_2	102	SNV_103	124	86	1	1	1
1	sample_2	103	SNV_104	186	1	1	1	1
1	sample_2	104	SNV_105	188	8	1	1	1
1	sample_2	105	SNV_106	110	94	1	1	1
1	sample_2	106	SNV_107	193	3	1	1	0.98215	2	1	0.0178504
1	sample_2	107	SNV_108	104	87	1	1	1
1	sample_2	108	SNV_109	112	77	1	1	1
1	sample_2	109	SNV_110	198	5	1	1	1
1	sample_2	110	SNV_111	179	5	1	1	1
1	sample_2	111	SNV_112	198	0	1	1	1
1	sample_2	112	SNV_113	104	93	1	1	1	3	1	0
1	sample_2	113	SNV_114	114	90	1	1	1
1	sample_2	114	SNV_115	194	3	1	1	1
1	sample_2	115	SNV_116	109	80	1	1	0.999038	3	3	0.000961655
1	sample_2	116	SNV_117	105	93	1	1	0.99805	2	0	0.00194978
1	sample_2	117	SNV_118	100	79	1	1	0.983452	3	0	0.0165477
1	sample_2	118	SNV_119	205	6	1	1	0.998554	3	1	0.00144609
1	sample_2	119	SNV_120	194	1	1	1	1
1	sample_2	120	SNV_121	190	0	1	1	0.999855	2	2	0.000145017
1	sample_2	121	SNV_122	111	90	1	1	1	2	2	0
1	sample_2	122	SNV_123	213	1	1	1	0.997261	3	2	0.00273884
1	sample_2	123	SNV_124	111	92	1	1	1
1	sample_2	124	SNV_125	121	91	1	1	1
1	sample_2	125	SNV_126	129	42	1	1	0.12195	2	2	0.87805
1	sample_2	126	SNV_127	189	11	1	1	0.994164	2	2	0.00583588
1	sample_2	127	SNV_128	102	105	1	1	1	2	1	0
1	sample_2	128	SNV_129	209	1	1	1	0.999895	2	0	0.00010548
1	sample_2	129	SNV_130	190	5	1	1	0.997897	3	0	0.00210256
1	sample_2	130	SNV_131	220	0	1	1	1	3	1	0
1	sample_2	131	SNV_132	204	2	1	1	1
1	sample_2	132	SNV_133	194	0	1	1	1
1	sample_2	133	SNV_134	185	1	1	1	1
1	sample_2	134	SNV_135	97	101	1	1	1
1	sample_2	135	SNV_136	115	98	1	1	1
1	sample_2	136	SNV_137	202	1	1	1	0.897904	2	0	0.102096
1	sample_2	137	SNV_138	165	3	1	1	1
1	sample_2	138	SNV_139	205	0	1	1	0.999918	2	1	8.16756e-05
1	sample_2	139	SNV_140	200	6	1	1	1
1	sample_2	140	SNV_141	102	118	1	1	1
1	sample_2	141	SNV_142	196	5	1	1	1
1	sample_2	142	SNV_143	242	2	1	1	1
1	sample_2	143	SNV_144	195	6	1	1	0.999039	2	2	0.000960655
1	sample_2	144	SNV_145	187	1	1	1	0.999859	3	1	0.000141027
1	sample_2	145	SNV_146	218	1	1	1	0.860616	3	0	0.139384
1	sample_2	146	SNV_147	215	3	1	1	1
1	sample_2	147	SNV_148	177	45	1	1	0.157469	3	2	0.842531
1	sample_2	148	SNV_149	135	78	1	1	0.996297	2	0	0.00370335
1	sample_2	149	SNV_150	122	98	1	1	1
1	sample_2	150	SNV_151	97	85	1	1	0.96142	2	0	0.0385802
1	sample_2	151	SNV_152	102	101	1	0	0.00338015	1	1	0.99662
1	sample_2	152	SNV_153	204	9	1	1	1
1	sample_2	153	SNV_154	205	1	1	1	1
1	sample_2	154	SNV_155	114	101	1	1	0.997803	2	2	0.00219684
1	sample_2	155	SNV_156	186	10	1	0	0.00200045	1	1	0.998
1	sample_2	156	SNV_157	122	72	1	1	1
1	sample_2	157	SNV_158	96	84	1	1	1	3	3	0
1	sample_2	158	SNV_159	96	84	1	0	0	1	1	1
1	sample_2	159	SNV_160	103	111	1	1	1
1	sample_2	160	SNV_161	218	2	1	1	1
1	sample_2	161	SNV_162	120	80	1	1	1
1	sample_2	162	SNV_163	229	3	1	0	0.0152295	1	1	0.98477
1	sample_2	163	SNV_164	102	101	1	1	1
1	sample_2	164	SNV_165	216	2	1	1	0.999786	2	1	0.000214399
1	sample_2	165	SNV_166	167	1	1	1	0.995117	3	1	0.00488274
1	sample_2	166	SNV_167	100	97	1	1	1
1	sample_2	167	SNV_168	189	0	1	0	0.070661	1	1	0.929339
1	sample_2	168	SNV_169	191	1	1	1	1
1	sample_2	169	SNV_170	112	102	1	1	0.999919	3	0	8.14679e-05
1	sample_2	170	SNV_171	192	1	1	1	1
1	sample_2	171	SNV_172	112	104	1	1	1
1	sample_2	172	SNV_173	166	6	1	1	0.988064	3	1	0.0119361
1	sample_2	173	SNV_174	212	11	1	1	1
1	sample_2	174	SNV_175	199	4	1	1	1
1	sample_2	175	SNV_176	109	88	1	1	1
1	sample_2	176	SNV_177	217	12	1	1	1
1	sample_2	177	SNV_178	138	40	1	1	0.158251	3	2	0.841749
1	sample_2	178	SNV_179	210	0	1	1	0.926287	3	3	0.0737131
1	sample_2	179	SNV_180	114	77	1	1	1
1	sample_2	180	SNV_181	105	90	1	1	0.999709	3	0	0.000290879
1	sample_2	181	SNV_182	87	84	1	1	1
1	sample_2	182	SNV_183	189	0	1	1	0.999649	2	1	0.00035062
1	sample_2	183	SNV_184	178	5	1	1	0.974185	2	1	0.0258155
1	sample_2	184	SNV_185	210	0	1	1	0.994408	3	1	0.00559185
1	sample_2	185	SNV_186	110	96	1	1	1
1	sample_2	186	SNV_187	121	79	1	1	0.985446	3	0	0.0145535
1	sample_2	187	SNV_188	106	95	1	1	1
1	sample_2	188	SNV_189	204	1	1	1	1
1	sample_2	189	SNV_190	207	0	1	0	0.00933807	1	1	0.990662
1	sample_2	190	SNV_191	192	2	1	1	1
1	sample_2	191	SNV_192	190	1	1	1	1
1	sample_2	192	SNV_193	104	69	1	1	1
1	sample_2	193	SNV_194	210	2	1	1	1
1	sample_2	194	SNV_195	194	0	1	0	0.0613003	1	1	0.9387
1	sample_2	195	SNV_196	174	7	1	1	0.971871	2	2	0.0281287
1	sample_2	196	SNV_197	184	4	1	1	1
1	sample_2	197	SNV_198	119	88	1	1	1
1	sample_2	198	SNV_199	139	43	1	1	0.138262	3	1	0.861738
1	sample_2	199	SNV_200	224	1	1	1	1
1	sample_2	200	SNV_201	114	86	1	1	1
1	sample_2	201	SNV_202	207	9	1	1	1
1	sample_2	202	SNV_203	112	86	1	1	1
1	sample_2	203	SNV_204	130	88	1	1	1
1	sample_2	204	SNV_205	193	4	1	1	1
1	sample_2	205	SNV_206	202	1	1	1	1
1	sample_2	206	SNV_207	210	6	1	1	1
1	sample_2	207	SNV_208	95	90	1	1	0.995926	2	0	0.00407385
1	sample_2	208	SNV_209	114	89	1	1	1
1	sample_2	209	SNV_210	110	76	1	1	1
1	sample_2	210	SNV_211	176	40	1	1	0.0547423	3	1	0.945258
1	sample_2	211	SNV_212	207	1	1	1	0.999441	3	1	0.000558993
1	sample_2	212	SNV_213	177	1	1	0	0.195893	1	1	0.804107
1	sample_2	213	SNV_214	201	7	1	1	1
1	sample_2	214	SNV_215	104	64	1	1	1
1	sample_2	215	SNV_216	106	72	1	1	1
1	sample_2	216	SNV_217	174	0	1	1	1
1	sample_2	217	SNV_218	199	3	1	0	0.00109187	1	1	0.998908
1	sample_2	218	SNV_219	185	1	1	1	1
1	sample_2	219	SNV_220	110	102	1	1	0.998227	2	2	0.00177319
1	sample_2	220	SNV_221	103	85	1	1	1
1	sample_2	221	SNV_222	104	91	1	1	1	2	2	0
1	sample_2	222	SNV_223	122	76	1	1	1
1	sample_2	223	SNV_224	203	0	1	1	1
1	sample_2	224	SNV_225	174	0	1	1	1
1	sample_2	225	SNV_226	215	1	1	1	1
1	sample_2	226	SNV_227	190	0	1	1	1
1	sample_2	227	SNV_228	197	1	1	1	1
1	sample_2	228	SNV_229	194	1	1	1	1
1	sample_2	229	SNV_230	103	88	1	1	1
1	sample_2	230	SNV_231	201	1	1	1	1
1	sample_2	231	SNV_232	97	95	1	1	1
1	sample_2	232	SNV_233	128	84	1	1	0.28662	3	2	0.71338
1	sample_2	233	SNV_234	174	8	1	1	1
1	sample_2	234	SNV_235	186	3	1	1	1
1	sample_2	235	SNV_236	199	2	1	1	1
1	sample_2	236	SNV_237	214	1	1	1	1	2	1	0
1	sample_2	237	SNV_238	244	1	1	1	0.999945	3	1	5.45834e-05
1	sample_2	238	SNV_239	190	2	1	0	0.00377636	1	1	0.996224
1	sample_2	239	SNV_240	96	122	1	1	1
1	sample_2	240	SNV_241	104	89	1	0	0.0733337	1	1	0.926666
1	sample_2	241	SNV_242	118	82	1	1	0.998009	2	1	0.00199069
1	sample_2	242	SNV_243	193	8	1	1	1
1	sample_2	243	SNV_244	95	98	1	1	1	3	3	0
1	sample_2	244	SNV_245	182	1	1	1	0.85295	2	2	0.14705
1	sample_2	245	SNV_246	104	80	1	1	1	2	2	0
1	sample_2	246	SNV_247	195	1	1	1	1
1	sample_2	247	SNV_248	204	2	1	1	1
1	sample_2	248	SNV_249	224	1	1	1	1
1	sample_2	249	SNV_250	103	86	1	1	0.159202	2	0	0.840798
1	sample_2	250	SNV_251	109	81	1	1	1
1	sample_2	251	SNV_252	207	2	1	1	1
1	sample_2	252	SNV_253	179	0	1	1	0.998937	3	2	0.00106272
1	sample_2	253	SNV_254	169	4	1	1	0.999217	2	0	0.000782517
1	sample_2	254	SNV_255	191	1	1	1	0.999271	3	2	0.000728797
1	sample_2	255	SNV_256	185	3	1	1	0.997332	2	0	0.00266773
1	sample_2	256	SNV_257	112	89	1	1	1
1	sample_2	257	SNV_258	107	76	1	1	0.960112	3	3	0.0398883
1	sample_2	258	SNV_259	211	3	1	1	0.999801	2	1	0.000199244
1	sample_2	259	SNV_260	184	2	1	1	1
1	sample_2	260	SNV_261	215	2	1	1	1
1	sample_2	261	SNV_262	180	5	1	1	0.99797	2	1	0.00203038
1	sample_2	262	SNV_263	147	77	1	1	0.929495	2	0	0.0705049
1	sample_2	263	SNV_264	193	1	1	1	0.997616	3	1	0.00238417
1	sample_2	264	SNV_265	188	1	1	1	0.9995	3	3	0.000499631
1	sample_2	265	SNV_266	108	99	1	1	1
1	sample_2	266	SNV_267	107	106	1	1	1
1	sample_2	267	SNV_268	190	5	1	1	1
1	sample_2	268	SNV_269	186	6	1	0	0.0091459	1	1	0.990854
1	sample_2	269	SNV_270	106	75	1	1	1
1	sample_2	270	SNV_271	122	82	1	1	0.989544	2	0	0.0104559
1	sample_2	271	SNV_272	59	136	1	1	0.121697	3	1	0.878303
1	sample_2	272	SNV_273	190	10	1	1	1
1	sample_2	273	SNV_274	180	9	1	1	1
1	sample_2	274	SNV_275	183	5	1	1	1
1	sample_2	275	SNV_276	204	0	1	1	1
1	sample_2	276	SNV_277	224	5	1	1	0.964691	2	0	0.0353092
1	sample_2	277	SNV_278	193	0	1	1	1
1	sample_2	278	SNV_279	194	6	1	1	1
1	sample_2	279	SNV_280	111	74	1	1	1
1	sample_2	280	SNV_281	174	2	1	1	1
1	sample_2	281	SNV_282	203	2	1	1	1
1	sample_2	282	SNV_283	207	0	1	1	1
1	sample_2	283	SNV_284	194	1	1	1	1
1	sample_2	284	SNV_285	185	9	1	1	1
1	sample_2	285	SNV_286	214	3	1	1	0.996101	2	1	0.00389948
1	sample_2	286	SNV_287	212	2	1	1	1
1	sample_2	287	SNV_288	202	1	1	1	1
1	sample_2	288	SNV_289	181	2	1	1	0.970476	2	0	0.029524
1	sample_2	289	SNV_290	125	85	1	1	1
1	sample_2	290	SNV_291	201	3	1	1	1
1	sample_2	291	SNV_292	206	0	1	1	0.999605	2	0	0.000394628
1	sample_2	292	SNV_293	175	5	1	1	1
1	sample_2	293	SNV_294	101	82	1	1	1
1	sample_2	294	SNV_295	95	77	1	1	0.995363	3	1	0.00463727
1	sample_2	295	SNV_296	138	84	1	1	1
1	sample_2	296	SNV_297	116	78	1	1	1
1	sample_2	297	SNV_298	182	2	1	1	1
1	sample_2	298	SNV_299	183	7	1	1	0.942877	2	1	0.0571233
1	sample_2	299	SNV_300	205	0	1	1	1
1	sample_2	300	SNV_301	206	0	1	1	0.9998	3	1	0.000199875
1	sample_2	301	SNV_302	113	93	1	1	1
1	sample_2	302	SNV_303	113	88	1	1	1
1	sample_2	303	SNV_304	222	1	1	1	1
1	sample_2	304	SNV_305	217	3	1	1	1
1	sample_2	305	SNV_306	104	102	1	1	1	3	3	0
1	sample_2	306	SNV_307	109	103	1	1	1
1	sample_2	307	SNV_308	162	44	1	1	0.135036	2	2	0.864964
1	sample_2	308	SNV_309	208	7	1	1	1
1	sample_2	309	SNV_310	215	1	1	1	1
1	sample_2	310	SNV_311	187	1	1	1	0.999493	2	0	0.000506933
1	sample_2	311	SNV_312	205	7	1	1	0.984282	2	0	0.015718
1	sample_2	312	SNV_313	177	3	1	1	1
1	sample_2	313	SNV_314	205	2	1	1	0.999029	3	3	0.000971182
1	sample_2	314	SNV_315	194	1	1	1	0.999268	3	0	0.000731971
1	sample_2	315	SNV_316	181	7	1	1	0.104119	2	0	0.895881
1	sample_2	316	SNV_317	133	66	1	1	0.0547423	2	1	0.945258
1	sample_2	317	SNV_318	170	6	1	0	0.012023	1	1	0.987977
1	sample_2	318	SNV_319	197	3	1	1	1
1	sample_2	319	SNV_320	110	78	1	1	1
1	sample_2	320	SNV_321	196	0	1	1	1
1	sample_2	321	SNV_322	105	101	1	1	1
1	sample_2	322	SNV_323	106	94	1	1	1
1	sample_2	323	SNV_324	204	3	1	1	1
1	sample_2	324	SNV_325	109	79	1	1	0.885627	2	1	0.114373
1	sample_2	325	SNV_326	204	1	1	1	1
1	sample_2	326	SNV_327	118	86	1	1	1
1	sample_2	327	SNV_328	205	0	1	1	1
1	sample_2	328	SNV_329	108	100	1	1	1
1	sample_2	329	SNV_330	209	1	1	1	0.999477	3	1	0.000522848
1	sample_2	330	SNV_331	183	4	1	1	1
1	sample_2	331	SNV_332	197	1	1	1	1
1	sample_2	332	SNV_333	99	86	1	0	0	1	1	1
1	sample_2	333	SNV_334	180	7	1	1	1
1	sample_2	334	SNV_335	185	2	1	1	1
1	sample_2	335	SNV_336	111	90	1	0	0.00153568	1	1	0.998464
1	sample_2	336	SNV_337	205	9	1	1	1
1	sample_2	337	SNV_338	109	113	1	1	1
1	sample_2	338	SNV_339	185	5	1	1	1
1	sample_2	339	SNV_340	109	84	1	1	1
1	sample_2	340	SNV_341	117	88	1	1	1
1	sample_2	341	SNV_342	206	1	1	1	1
1	sample_2	342	SNV_343	215	0	1	1	1
1	sample_2	343	SNV_344	212	3	1	1	0.999422	2	1	0.000578063
1	sample_2	344	SNV_345	195	13	1	1	1
1	sample_2	345	SNV_346	116	84	1	1	0.732589	2	2	0.267411
1	sample_2	346	SNV_347	197	6	1	1	0.988042	3	1	0.0119583
1	sample_2	347	SNV_348	187	5	1	1	0.998232	3	2	0.00176779
1	sample_2	348	SNV_349	101	89	1	1	1
1	sample_2	349	SNV_350	176	6	1	1	1
1	sample_2	350	SNV_351	185	0	1	1	1
1	sample_2	351	SNV_352	170	0	1	1	1
1	sample_2	352	SNV_353	112	94	1	1	1
1	sample_2	353	SNV_354	215	1	1	1	1
1	sample_2	354	SNV_355	14	180	1	0	0.945258	1	1	0.0547423
1	sample_2	355	SNV_356	199	2	1	1	0.999168	2	2	0.000832497
1	sample_2	356	SNV_357	101	84	1	1	1
1	sample_2	357	SNV_358	118	95	1	1	1	3	1	0
1	sample_2	358	SNV_359	98	80	1	0	0.0231889	1	1	0.976811
1	sample_2	359	SNV_360	169	6	1	0	0.000787054	1	1	0.999213
1	sample_2	360	SNV_361	209	2	1	1	1
1	sample_2	361	SNV_362	211	6	1	1	0.98246	3	1	0.0175398
1	sample_2	362	SNV_363	95	72	1	1	1
1	sample_2	363	SNV_364	196	0	1	1	0.997692	2	2	0.00230819
1	sample_2	364	SNV_365	121	70	1	1	0.152626	2	0	0.847374
1	sample_2	365	SNV_366	194	1	1	1	1	3	0	0
1	sample_2	366	SNV_367	110	103	1	1	1
1	sample_2	367	SNV_368	111	88	1	1	1
1	sample_2	368	SNV_369	196	3	1	1	1
1	sample_2	369	SNV_370	99	76	1	1	1
1	sample_2	370	SNV_371	86	87	1	1	0.762485	3	2	0.237515
1	sample_2	371	SNV_372	123	91	1	1	1
1	sample_2	372	SNV_373	172	3	1	1	1
1	sample_2	373	SNV_374	227	1	1	1	0.998454	2	1	0.0015457
1	sample_2	374	SNV_375	155	50	1	1	0.0547423	3	1	0.945258
1	sample_2	375	SNV_376	192	3	1	1	0.99055	2	1	0.00944999
1	sample_2	376	SNV_377	95	100	1	1	1
1	sample_2	377	SNV_378	113	76	1	1	0.986794	2	0	0.0132062
1	sample_2	378	SNV_379	107	85	1	1	0.96558	2	1	0.0344198
1	sample_2	379	SNV_380	190	2	1	1	0.998759	2	1	0.00124138
1	sample_2	380	SNV_381	203	2	1	1	1
1	sample_2	381	SNV_382	200	2	1	1	1
1	sample_2	382	SNV_383	120	102	1	1	0.983014	2	1	0.0169863
1	sample_2	383	SNV_384	199	1	1	1	1
1	sample_2	384	SNV_385	199	1	1	1	0.774289	2	0	0.225711
1	sample_2	385	SNV_386	121	85	1	1	1
1	sample_2	386	SNV_387	203	1	1	1	1
1	sample_2	387	SNV_388	117	78	1	1	1
1	sample_2	388	SNV_389	205	8	1	1	0.999787	3	2	0.000212843
1	sample_2	389	SNV_390	125	99	1	1	1
1	sample_2	390	SNV_391	118	78	1	1	1
1	sample_2	391	SNV_392	198	0	1	1	0.998857	2	1	0.00114262
1	sample_2	392	SNV_393	120	105	1	1	1
1	sample_2	393	SNV_394	112	122	1	1	1
1	sample_2	394	SNV_395	193	0	1	1	1
1	sample_2	395	SNV_396	212	1	1	1	1
1	sample_2	396	SNV_397	214	2	1	1	0.99937	3	2	0.000629913
1	sample_2	397	SNV_398	97	82	1	1	0.993893	3	0	0.00610662
1	sample_2	398	SNV_399	210	0	1	1	1
1	sample_2	399	SNV_400	199	3	1	1	0.889384	3	2	0.110616
1	sample_2	400	SNV_401	109	92	1	1	0.999625	2	2	0.00037463
1	sample_2	401	SNV_402	130	84	1	1	1
1	sample_2	402	SNV_403	109	85	1	1	1
1	sample_2	403	SNV_404	207	5	1	1	0.869683	3	0	0.130317
1	sample_2	404	SNV_405	195	2	1	1	0.998759	2	1	0.00124088
1	sample_2	405	SNV_406	184	1	1	1	0.999149	2	2	0.000850682
1	sample_2	406	SNV_407	200	6	1	1	1
1	sample_2	407	SNV_408	182	3	1	1	1
1	sample_2	408	SNV_409	109	92	1	1	1
1	sample_2	409	SNV_410	172	1	1	1	1
1	sample_2	410	SNV_411	177	3	1	1	1
1	sample_2	411	SNV_412	219	4	1	1	0.99891	3	1	0.00109018
1	sample_2	412	SNV_413	112	74	1	1	1
1	sample_2	413	SNV_414	203	2	1	1	1
1	sample_2	414	SNV_415	96	93	1	1	1
1	sample_2	415	SNV_416	195	2	1	1	1
1	sample_2	416	SNV_417	96	83	1	1	1
1	sample_2	417	SNV_418	191	9	1	1	1
1	sample_2	418	SNV_419	212	1	1	1	1
1	sample_2	419	SNV_420	109	99	1	1	1
1	sample_2	420	SNV_421	203	1	1	1	1
1	sample_2	421	SNV_422	219	1	1	1	1
1	sample_2	422	SNV_423	190	10	1	1	0.862486	2	2	0.137514
1	sample_2	423	SNV_424	203	2	1	1	1
1	sample_2	424	SNV_425	115	81	1	1	0.995531	3	1	0.00446862
1	sample_2	425	SNV_426	163	82	1	1	0.990991	2	1	0.00900908
1	sample_2	426	SNV_427	180	0	1	1	1
1	sample_2	427	SNV_428	178	1	1	1	1
1	sample_2	428	SNV_429	88	105	1	1	1
1	sample_2	429	SNV_430	208	1	1	1	1
1	sample_2	430	SNV_431	104	68	1	1	1
1	sample_2	431	SNV_432	114	101	1	1	1
1	sample_2	432	SNV_433	210	1	1	1	1
1	sample_2	433	SNV_434	175	1	1	1	0.98084	2	1	0.0191598
1	sample_2	434	SNV_435	205	2	1	1	1
1	sample_2	435	SNV_436	211	5	1	1	1
1	sample_2	436	SNV_437	208	1	1	1	0.990597	2	1	0.00940337
1	sample_2	437	SNV_438	184	1	1	1	1
1	sample_2	438	SNV_439	108	97	1	1	1
1	sample_2	439	SNV_440	110	79	1	1	1
1	sample_2	440	SNV_441	190	1	1	1	1
1	sample_2	441	SNV_442	190	1	1	1	0.899054	3	1	0.100946
1	sample_2	442	SNV_443	211	1	1	1	0.995678	3	3	0.00432235
1	sample_2	443	SNV_444	104	100	1	0	0	1	1	1
1	sample_2	444	SNV_445	188	6	1	1	1
1	sample_2	445	SNV_446	117	75	1	1	0.154425	2	0	0.845575
1	sample_2	446	SNV_447	105	83	1	1	1
1	sample_2	447	SNV_448	185	1	1	1	0.99885	2	0	0.00115015
1	sample_2	448	SNV_449	190	4	1	1	1
1	sample_2	449	SNV_450	96	87	1	1	0.973758	2	1	0.0262417
1	sample_2	450	SNV_451	182	1	1	1	0.91266	2	0	0.0873398
1	sample_2	451	SNV_452	114	82	1	1	1
1	sample_2	452	SNV_453	176	3	1	1	1
1	sample_2	453	SNV_454	98	70	1	1	0.988281	2	2	0.011719
1	sample_2	454	SNV_455	188	5	1	1	1
1	sample_2	455	SNV_456	212	1	1	1	1
1	sample_2	456	SNV_457	197	1	1	1	1
1	sample_2	457	SNV_458	183	0	1	1	1
1	sample_2	458	SNV_459	188	3	1	1	1
1	sample_2	459	SNV_460	130	66	1	1	0.0547423	2	1	0.945258
1	sample_2	460	SNV_461	223	2	1	1	1
1	sample_2	461	SNV_462	127	89	1	1	1	2	1	0
1	sample_2	462	SNV_463	211	2	1	1	1
1	sample_2	463	SNV_464	96	70	1	1	1
1	sample_2	464	SNV_465	196	0	1	1	0.997453	2	0	0.00254655
1	sample_2	465	SNV_466	115	88	1	1	1
1	sample_2	466	SNV_467	211	1	1	1	1
1	sample_2	467	SNV_468	193	5	1	1	1
1	sample_2	468	SNV_469	97	90	1	1	1
1	sample_2	469	SNV_470	197	0	1	1	0.999184	2	1	0.000815598
1	sample_2	470	SNV_471	96	99	1	1	1
1	sample_2	471	SNV_472	197	2	1	1	0.994755	3	1	0.00524515
1	sample_2	472	SNV_473	200	0	1	1	1
1	sample_2	473	SNV_474	183	2	1	1	0.956215	3	2	0.0437848
1	sample_2	474	SNV_475	208	5	1	1	1
1	sample_2	475	SNV_476	108	102	1	1	1
1	sample_2	476	SNV_477	209	2	1	1	1
1	sample_2	477	SNV_478	207	1	1	1	1
1	sample_2	478	SNV_479	205	7	1	1	1
1	sample_2	479	SNV_480	222	0	1	1	1
1	sample_2	480	SNV_481	196	1	1	1	1
1	sample_2	481	SNV_482	135	76	1	1	1
1	sample_2	482	SNV_483	175	8	1	1	1
1	sample_2	483	SNV_484	88	99	1	1	1
1	sample_2	484	SNV_485	206	1	1	1	0.999889	3	2	0.000111239
1	sample_2	485	SNV_486	232	1	1	1	0.930854	2	2	0.0691458
1	sample_2	486	SNV_487	107	90	1	1	1
1	sample_2	487	SNV_488	104	90	1	1	1
1	sample_2	488	SNV_489	98	100	1	1	1
1	sample_2	489	SNV_490	172	5	1	0	0.00316397	1	1	0.996836
1	sample_2	490	SNV_491	112	81	1	1	1
1	sample_2	491	SNV_492	186	1	1	1	1
1	sample_2	492	SNV_493	120	79	1	1	1	2	0	0
1	sample_2	493	SNV_494	126	77	1	1	1
1	sample_2	494	SNV_495	104	93	1	1	1
1	sample_2	495	SNV_496	120	87	1	1	1
1	sample_2	496	SNV_497	215	0	1	1	1
1	sample_2	497	SNV_498	208	4	1	1	1
1	sample_2	498	SNV_499	206	1	1	1	1
1	sample_2	499	SNV_500	180	6	1	1	0.994147	3	2	0.00585344
